Delta_min_N5: Calculating the smallest difference between the prime number index of the greatest prime divisor

     of N_5 = n(n+1)(n+2)(n+3)(n+4) and the count of prime divisors of that consecutive integer product, over doubling intervals.

======================================================================================================================================


            Interval Start  minDelta = Iota - Omega      n@minDelta  maxOmega      n@maxOmega  minIota        n@minIota 

--------------------------------------------------------------------------------------------------------------------------------------
                         1         0     3     3                  1      3                  1      3                  1  
                         2         0     4     4                  3      4                  3      3                  2
                         4         0     5     5                  7      5                  7      4                  6
                         8         0     6     6                 11      6                 13      5                  8
                        16         1     6     5                 24      7                 31      6                 24
                        32         1     7     6                 48      8                 55      7                 48
                        64         4    12     8                 74      9                115     12                 74
                       128         2    11     9                152     10                217     11                152
                       256         3    13    10                492     11                493     13                492
                       512         3    15    12                986     12                986     15                986
                     1,024         2    13    11              1,517     13              1,767     13              1,517
                     2,048         8    20    12              3,549     13              3,286     20              3,549
                     4,096         8    19    11              5,828     14              7,564     19              5,828
                     8,192        15    28    13              8,987     14             16,211     28              8,987
                    16,384        13    26    13             17,574     15             32,449     26             17,574
                    32,768        15    28    13             38,624     16             53,533     28             38,624
                    65,536        24    39    15             97,524     17             99,382     39             97,524
                   131,072        24    41    17            190,991     17            252,966     41            190,991
                   262,144        31    47    16            457,024     18            521,794     47            457,024
                   524,288        27    44    17            960,752     18          1,045,418     44            960,752

