Delta_min: Formatted Output & Optimized Logic
=================================================

Tracking: min(Pidx-omega), max(omega), min(Pidx) per interval.
Intervals: 40 doubling, initial size 1
Threads: 10, max prime index: 30 (p_30 = 113)

            Interval Start  minDelta = Pidx - omega      n@minDelta  maxOmmega     n@maxOmega  minPidx        n@minPidx     time
--------------------------------------------------------------------------------------------------------------------------------------
                         1         0     0     0                  0      0                  1      0                  1    0.00s
                         2         0     2     2                  3      2                  3      2                  3    0.00s
                         4         0     3     3                  5      3                  6      3                  5    0.00s
                         8         0     3     3                 15      4                 14      2                  8    0.00s
                        16         0     3     3                 24      4                 30      3                 24    0.00s
                        32         0     4     4                 35      4                 62      4                 63    0.00s
                        64         0     4     4                125      5                119      3                 80    0.00s
                       128         0     4     4                224      6                230      4                224    0.00s
                       256         0     5     5                440      6                510      5                440    0.00s
                       512         0     7     7                714      7                714      5                539    0.00s
                     1,024         0     6     6              1,715      7              2,001      6              1,715    0.00s
                     2,048         0     5     5              3,024      7              4,094      4              2,400    0.00s
                     4,096         0     4     4              4,374      8              7,314      4              4,374    0.00s
                     8,192         0     7     7             12,375      8             16,169      5              9,800    0.00s
                    16,384         1     7     6             28,560      8             32,759      7             31,212    0.00s
                    32,768         1     9     8             52,325      9             60,605      7             37,179    0.00s
                    65,536         0     6     6            123,200      9            127,280      6            123,200    0.01s
                   131,072         0     7     7            194,480     10            254,540      7            194,480    0.01s
                   262,144         1     7     6            336,140     10            507,129      7            336,140    0.00s
                   524,288         0     8     8            633,555     11            728,364      8            709,631    0.00s
                 1,048,576         2     9     7          2,023,424     11          1,923,635      9          2,023,424    0.01s
                 2,097,152         1    11    10          3,897,165     11          4,144,854      9          4,096,575    0.01s
                 4,194,304         1     8     7          5,909,760     11          8,321,144      8          5,909,760    0.03s
                 8,388,608         1    11    10         16,092,999     12         16,531,710      8         11,859,210    0.05s
                16,777,216         1    10     9         18,085,704     12         33,045,180     10         18,085,704    0.10s
                33,554,432         3    14    11         59,181,759     13         64,822,394     12         50,481,024    0.20s
                67,108,864         1    11    10         80,061,344     13        133,595,384     10         96,059,600    0.40s
               134,217,728         3    14    11        227,613,749     13        248,809,560     10        177,182,720    0.80s
               268,435,456         3    11     8        370,256,249     13        529,564,650     11        370,256,249    1.59s
               536,870,912         2    14    12        658,831,250     14        965,009,045     13        876,219,200    3.18s
             1,073,741,824         2    15    13      1,777,331,555     14      1,983,616,530     11      1,611,308,699    6.37s
             2,147,483,648         3    12     9      3,463,199,999     14      4,145,990,684     12      3,463,199,999   12.73s
             4,294,967,296         4    19    15      5,163,068,910     15      5,163,068,910     16      7,956,981,053   25.60s
             8,589,934,592         5    19    14     14,944,486,479     14     17,055,032,709     14     11,214,979,424   51.00s
            17,179,869,184         3    14    11     18,184,252,800     15     33,726,066,374     14     18,184,252,800  102.13s
            34,359,738,368         2    13    11     45,105,689,160     16     65,893,166,030     13     63,927,525,375    3.41m
            68,719,476,736         7    20    13    123,435,179,504     16    115,153,823,355     18    105,265,753,124    6.83m
           137,438,953,472         5    15    10    192,459,125,000     16    167,922,370,329     15    192,459,125,000   13.65m
           274,877,906,944         3    14    11    421,138,799,639     16    522,032,480,319     14    421,138,799,639   27.27m
           549,755,813,888         4    16    12    629,221,188,700     17  1,079,415,718,589     16    629,221,188,700   54.86m

Done.
