Delta_N3_min: Calculating the smallest difference between the prime number index of the greatest prime divisor
     of N_3 = n(n+1)(n+2) and the count of prime divisors of that consecutive integer product, over doubling intervals.
==========================================================================================================================

Tracking: max(Omega) if full factorization, exact min(Iota), and exact min(Iota-Omega) per interval.
Omega(n(n+1)(n+2)) = Omega(n)+Omega(n+1)+Omega(n+2) - (1 if n is even, else 0).
Intervals: 40, initial size 1
Threads: 10, max prime index: 100 (p_100 = 541), margin: 3, block_n: 524288

            Interval Start  minDelta = Iota - Omega      n@minDelta  maxOmega      n@maxOmega  minIota        n@minIota 
---------------------------------------------------------------------------------------------------------------------------
                         1         0     2     2                  1      2                  1      2                  1  
                         2         0     3     3                  4      3                  4      2                  2
                         4         0     3     3                  8      4                  5      3                  8
                         8         0     4     4                 14      5                 13      3                  8
                        16         0     5     5                 20      5                 29      5                 20
                        32         0     5     5                 54      6                 55      4                 48
                        64         0     5     5                 98      6                119      5                 98
                       128         1     8     7                208      7                253      7                168
                       256         0     7     7                440      8                493      6                350
                       512         2    11     9                713      9                713     10                782
                     1,024         2     9     7              2,023      9              2,013      9              2,023
                     2,048         1     8     7              2,430      9              4,080      8              2,430
                     4,096         3    12     9              7,104     10              7,733     12              7,104
                     8,192         3    11     8             13,454     10             16,169     10             13,310
                    16,384         4    13     9             29,600     11             30,315     12             17,575
                    32,768         5    16    11             62,698     11             65,415     13             32,798
                    65,536         8    19    11             98,020     12            129,765     18            113,398
                   131,072         2    13    11            212,380     12            260,897     13            212,380
                   262,144         7    18    11            302,498     13            522,443     18            302,498
                   524,288         6    17    11            956,448     14          1,042,404     17            956,448
                 1,048,576         4    16    12          1,205,644     14          1,938,739     16          1,205,644
                 2,097,152         7    20    13          3,939,648     14          4,167,345     20          3,939,648
                 4,194,304        10    24    14          6,167,343     15          7,008,169     22          4,409,068
                 8,388,608         8    22    14         15,473,808     15         16,598,645     22         15,473,808
                16,777,216        13    27    14         17,657,288     16         23,738,713     27         17,657,288
                33,554,432        11    25    14         43,184,400     16         66,125,850     25         43,184,400
                67,108,864        10    26    16        116,026,273     17        123,702,369     26        116,026,273
               134,217,728        14    30    16        196,512,875     17        267,861,979     30        196,512,875
               268,435,456        11    24    13        407,498,958     17        536,627,013     24        407,498,958
               536,870,912        12    28    16        621,723,284     18        940,737,005     28        621,723,284
             1,073,741,824        14    30    16      1,129,770,949     18      2,129,658,985     30      1,129,770,949
             2,147,483,648        16    31    15      4,072,582,150     19      3,760,113,565     31      4,072,582,150
             4,294,967,296        24    41    17      7,398,302,520     19      8,575,067,137     41      7,398,302,520
             8,589,934,592        24    40    16     10,468,447,288     19     17,103,051,229     40     10,468,447,288
            17,179,869,184        22    40    18     21,885,367,075     20     31,439,710,664     40     21,885,367,075
            34,359,738,368        21    39    18     40,427,034,348     21     41,704,979,953     39     40,427,034,348
            68,719,476,736        26    45    19     68,824,891,799     21    124,731,595,065     43    105,273,075,583
           137,438,953,472        10    27    17    138,982,582,998     21    254,772,473,240     27    138,982,582,998
           274,877,906,944        27    47    20    290,181,228,335     21    547,825,055,349     47    290,181,228,335
           549,755,813,888        25    46    21    550,049,761,644     22    835,962,726,389     46    768,026,327,418

