Example Delta_min.c Output:


Delta_min: Calculating the smallest difference between the prime number index of the greatest prime divisor
     of n(n+1) and the count of prime divisors of that consecutive integer product, over intervals of 2 x n.
===============================================================================================================

Tracking: max(omega) if full factorization, exact min(iota), and exact min(iota-omega) per interval.
Intervals: 46, initial size 1
Threads: 10, max prime index: 100 (p_100 = 541), margin: 3, block_n: 524288

            Interval Start  minDelta = iota - omega      n@minDelta  maxOmega      n@maxOmega  minIota        n@minIota   
---------------------------------------------------------------------------------------------------------------------------
                         1         0     1     1                  1      1                  1      1                  1     
                         2         0     2     2                  3      2                  4      2                  3      
                         4         0     2     2                  8      3                  6      2                  8       
                         8         0     3     3                 15      4                 14      2                  8       
                        16         0     3     3                 24      4                 30      3                 24       
                        32         0     4     4                 35      4                 62      4                 63        
                        64         0     4     4                125      5                119      3                 80        
                       128         0     4     4                224      6                230      4                224        
                       256         0     5     5                440      6                510      5                440        
                       512         0     7     7                714      7                714      5                539        
                     1,024         0     6     6              1,715      7              2,001      6              1,715     
                     2,048         0     5     5              3,024      7              4,094      4              2,400     
                     4,096         0     4     4              4,374      8              7,314      4              4,374     
                     8,192         0     7     7             12,375      8             16,302      5              9,800    
                    16,384         1     7     6             28,560      8             32,759      7             31,212   
                    32,768         1     9     8             52,325      9             62,985      7             37,179     
                    65,536         0     6     6            123,200      9            129,765      6            123,200    
                   131,072         0     7     7            194,480     10            255,254      7            194,480    
                   262,144         1     7     6            336,140     10            522,444      7            336,140   
                   524,288         0     8     8            633,555     11            728,364      8            709,631    
                 1,048,576         2     9     7          2,023,424     11          1,923,635      9          2,023,424    
                 2,097,152         1    11    10          3,897,165     11          4,144,854      9          4,096,575   
                 4,194,304         1     8     7          5,909,760     11          8,377,005      8          5,909,760    
                 8,388,608         1    11    10         16,092,999     12         16,701,684      8         11,859,210    
                16,777,216         1    10     9         18,085,704     12         33,205,029     10         18,085,704   
                33,554,432         3    14    11         59,181,759     13         64,822,394     12         50,481,024   
                67,108,864         1    11    10         80,061,344     13        133,595,384     10         96,059,600   
               134,217,728         3    14    11        227,613,749     13        267,920,444     10        177,182,720   
               268,435,456         3    11     8        370,256,249     13        536,558,385     11        370,256,249   
               536,870,912         2    14    12        658,831,250     14      1,068,044,054     13        876,219,200   
             1,073,741,824         2    15    13      1,777,331,555     14      2,136,594,459     11      1,611,308,699   
             2,147,483,648         3    12     9      3,463,199,999     14      4,292,330,679     12      3,463,199,999   
             4,294,967,296         4    19    15      5,163,068,910     15      8,567,026,545     16      7,956,981,053    
             8,589,934,592         5    19    14     14,944,486,479     15     17,042,866,554     14     11,214,979,424    
            17,179,869,184         3    14    11     18,184,252,800     15     34,253,191,335     14     18,184,252,800   
            34,359,738,368         2    13    11     45,105,689,160     16     68,205,560,345     13     63,927,525,375   
            68,719,476,736         6    16    10     93,876,912,128     16    136,457,439,404     16     93,876,912,128   
           137,438,953,472         5    15    10    192,459,125,000     16    274,862,384,510     15    192,459,125,000   
           274,877,906,944         3    14    11    421,138,799,639     16    549,108,992,795     14    421,138,799,639   
           549,755,813,888         4    16    12    629,221,188,700     17  1,098,128,243,289     16    629,221,188,700    
         1,099,511,627,776         2    15    13  1,109,496,723,125     17  2,188,285,327,865     15  1,109,496,723,125    
         2,199,023,255,552         5    18    13  3,616,637,626,497     18  4,339,149,420,605     18  3,616,637,626,497   
         4,398,046,511,104         5    18    13  4,582,291,337,624     18  8,590,248,184,154     18  4,582,291,337,624   
         8,796,093,022,208         5    17    12 11,259,346,386,959     18 17,535,701,256,710     17 11,259,346,386,959    
         17,592,186,044,416        4    17    13 20,628,591,204,480     16 22,581,869,067,680     17 20,628,591,204,480

(Further intervals are split into sections for parallel calculation. Primorial interval 20 starts at 23,620,771,158,594.)

        23,620,771,158,594         6    21    15 27,186,110,385,993     18 35,092,837,058,279     18 31,887,350,832,896

(At this point, minIota passes maxOmega.)

        35,184,372,088,832         8    25    17 37,857,444,282,944     18 43,967,499,670,380     22 35,468,858,564,775    
        43,980,465,111,040         9    21    12 51,950,861,713,575     18 52,749,817,940,105     21 51,950,861,713,575    
        52,776,558,133,248         7    20    13 57,722,809,710,698     18 61,560,651,272,120     20 60,668,244,983,125     
        61,572,651,155,456        10    25    15 66,962,535,520,100     19 70,367,042,561,529     23 67,271,556,455,936   

        70,368,744,177,664         9    24    15 83,009,910,279,680     19 84,418,485,002,565     23 74,284,679,978,145   
        87,960,930,222,080         8    23    15 103,157,697,630,624    19 100,185,192,711,240    23 103,157,697,630,624 
       105,553,116,266,496         6    20    14 119,089,041,053,696    19 122,988,266,287,964    20 119,089,041,053,696  

(At this point, minIota passes r.) 

       123,145,302,310,912         8    22    14 129,738,112,529,025    19 138,198,879,506,610    22 129,738,112,529,025  

       140,737,488,355,328        11    27    16 148,407,717,476,249    19 149,411,542,962,044    26 147,607,499,629,875
       149,533,581,377,536        10    27    17 155,673,350,624,714    19 157,998,393,560,370    27 155,673,350,624,714 
       158,329,674,399,744         8    24    16 165,095,373,336,399    19 166,866,370,866,194    24 165,095,373,336,399
       167,125,767,421,952        11    29    18 169,296,245,518,400    19 175,016,975,665,454    25 172,185,072,737,535
       175,921,860,444,160        13    27    14 178,264,018,584,399    19 178,460,622,594,254    27 178,264,018,584,399
       184,717,953,446,368         9    22    13 193,312,062,330,750    19 193,460,201,251,745    22 193,312,062,330,750
       193,514,046,488,576        14    30    16 199,532,989,512,024    19 200,771,740,490,684    28 198,657,056,279,912

(Segment ends at: 201,815,957,246,321. Starting primorial interval 21; proceeding in steps of 2^43:)

       201,815,957,246,321        11    28    17 209,248,767,276,164    19 210,226,056,519,765    26 208,970,905,342,275
       210,612,050,268,529        13    31    18 217,500,799,034,870    19 219,303,380,878,659    27 211,596,494,947,200
       219,612,050,268,529        13    30    17 227,669,441,674,124    19 228,121,966,919,469    29 223,190,293,543,749
       228,204,236,312,945        10    26    16 230,338,367,400,959    19 235,424,871,330,285    26 234,291,754,302,528
       237,000,329,335,153         8    22    14 239,438,764,968,480    19 245,470,251,983,879    22 239,438,764,968,480

(Proceeding in steps of 2^44:)

       245,796,422,357,361        15    30    15 254,524,947,805,799    19 254,379,222,146,049    29 247,278,207,503,392
       254,592,515,379,569        11    25    14 271,633,665,024,378    19 271,276,268,235,609    25 271,633,665,024,378
       272,184,701,423,985        12    27    15 288,423,325,811,775    19 289,531,497,231,339    27 288,423,325,811,775
       289,776,887,468,401        12    29    17 300,555,746,698,514    19 307,305,503,120,264    27 302,850,370,666,623
       307,369,073,512,817        12    29    17 310,104,232,735,374    19 324,661,710,065,385    27 311,779,854,829,520
       324,961,259,557,233        11    25    14 333,086,576,856,109    19 342,474,156,220,910    25 333,086,576,856,109
       342,553,445,601,649        14    26    12 346,567,452,511,455    19 359,642,326,731,050    26 346,567,452,511,455
       360,145,631,646,065        11    26    15 366,250,425,966,249    19 377,185,959,130,200    26 366,250,425,966,249
       377,737,817,690,481        14    29    15 378,363,895,921,440    19 395,152,140,426,329    28 384,119,821,050,624

       412,922,189,779,313        11    29    18 420,959,149,619,294    19 430,290,376,392,695    26 425,039,741,239,295
       430,514,375,823,729        11    25    14 436,665,720,892,764    19 448,093,886,695,454    25 436,665,720,892,764
       448,106,561,868,145        11    25    14 454,049,217,263,200    19 465,630,420,261,369    25 454,049,217,263,200
       465,698,747,912,561        11    26    15 470,873,810,854,655    19 483,244,449,173,849    26 470,873,810,854,655

