Delta_N5_min: Calculating the smallest difference between the prime number index of the greatest prime divisor

     of N_5 = n(n+1)(n+2)(n+3)(n+4) and the count of prime divisors of that consecutive integer product, over doubling intervals.

======================================================================================================================================


            Interval Start  minDelta = Iota - Omega      n@minDelta  maxOmega      n@maxOmega  minIota        n@minIota 

--------------------------------------------------------------------------------------------------------------------------------------
                         1         0     3     3                  1      3                  1      3                  1  
                         2         0     3     3                  2      4                  3      3                  2
                         4         0     4     4                  4      5                  7      4                  4
                         8         0     6     6                 10      6                 10      5                  8
                        16         1     6     5                 24      7                 19      6                 24
                        32         1     7     6                 32      8                 55      7                 32
                        64         4    12     8                 74      9                 91     12                 74
                       128         2    11     9                152     10                217     11                152
                       256         3    13    10                492     11                493     13                285
                       512         3    15    12                986     12                985     15                986
                     1,024         2    13    11              1,517     13              1,767     13              1,517
                     2,048         8    20    12              3,549     13              2,665     20              3,477
                     4,096         8    19    11              5,828     14              7,564     19              5,828
                     8,192        15    28    13              8,987     14              8,554     28              8,987
                    16,384        13    26    13             17,574     15             24,307     26             17,574
                    32,768        15    28    13             38,624     16             44,251     28             38,624
                    65,536        24    40    16             80,442     17             99,382     39             97,524
                   131,072        24    41    17            190,991     17            140,503     41            190,991
                   262,144        31    47    16            457,024     18            357,643     47            457,024
                   524,288        27    44    17            960,752     18            545,258     44            960,752

End of Program.
