

For Products, N3 = n(n+1)(n+2), in Primorial Intervals, P_r <= N3 < P_(r+1):
---+-------------------+-------------------------+------------------------+------------------------+
 r | n starts @        | Min_Delta =             | Max_Omega =            | Min_Iota =             |
---+-------------------+-------------------------+------------------------+------------------------+
 2 |                 2 |    0 @                2 |   2 @                2 |   2 @                2 |
 3 |                 3 |    0 @                4 |   3 @                4 |   3 @                4 |
 4 |                 5 |    0 @                8 |   4 @               12 |   3 @                8 |
 5 |                13 |    0 @               20 |   5 @               29 |   4 @               14 |
 6 |                31 |    0 @               54 |   6 @               77 |   4 @               48 |
 7 |                79 |    0 @               98 |   7 @              209 |   5 @               98 |
 8 |               213 |    0 @              440 |   8 @              559 |   6 @              350 |
 9 |               606 |    2 @            1,274 |   9 @            1,769 |  10 @            1,274 |
10 |             1,863 |    1 @            2,430 |  10 @            5,795 |   8 @            2,430 |
11 |             5,853 |    3 @           13,454 |  11 @           19,227 |  10 @           13,310 |
12 |            19,505 |    4 @           29,600 |  11 @           67,164 |  13 @           32,798 |
13 |            67,257 |    2 @          212,380 |  12 @          217,930 |  13 @          212,380 |
14 |           235,631 |    4 @          248,675 |  13 @          822,547 |  16 @          248,675 |
15 |           850,352 |    4 @        1,205,644 |  14 @        3,105,113 |  16 @        1,205,644 |
16 |         3,194,167 |    7 @        3,939,648 |  15 @       11,612,445 |  20 @        3,939,648 |
17 |        12,434,883 |    8 @       15,473,808 |  16 @       40,426,203 |  22 @       15,473,808 |
18 |        48,949,883 |   10 @      116,026,273 |  17 @      184,055,430 |  26 @      116,026,273 |
19 |       198,812,307 |   11 @      407,498,958 |  17 @      735,965,384 |  24 @      407,498,958 |
20 |       823,245,530 |   14 @    1,129,770,949 |  18 @      940,737,005 |  30 @    1,129,770,949 |
21 |     3,440,622,312 |   16 @    4,072,582,150 |  18 @   11,311,503,775 |  31 @    4,072,582,150 |
22 |    14,763,161,313 |   21 @   40,427,034,348 |  19 @   53,096,818,474 |  39 @   40,427,034,348 |

End of Program
