Delta_min_N4: Calculating the smallest difference between the prime number index of the greatest prime divisor
     of N_4 = n(n+1)(n+2)(n+3) and the count of prime divisors of that consecutive integer product, over doubling intervals.
====================================================================================================================

Tracking: max(Omega) if full factorization, exact min(Iota), and exact min(Iota-Omega) per interval.
Omega(N_4) = Omega(n)+Omega(n+1)+Omega(n+2)+Omega(n+3) - 1 (for shared 2) - (1 if n%3==0, for shared 3).
Intervals: 40, initial size 1
Threads: 10, max prime index: 200 (p_200 = 1223), margin: 3, block_n: 524288

            Interval Start  minDelta = Iota - Omega      n@minDelta  maxOmega      n@maxOmega  minIota        n@minIota 
---------------------------------------------------------------------------------------------------------------------------
                         1         0     2     2                  1      2                  1      2                  1  
                         2         0     4     4                  4      4                  4      3                  3
                         4         0     4     4                  7      4                  8      4                  7
                         8         1     6     5                 13      5                 14      5                  9
                        16         1     7     6                 32      6                 32      6                 25
                        32         0     6     6                 63      7                 55      6                 63
                        64         1     8     7                 75      7                119      8                 75
                       128         1     9     8                207      8                252      8                168
                       256         1     9     8                322      9                494      9                322
                       512         5    15    10                987     10                987     13              1,023
                     1,024         2    11     9              1,518     11              1,768     11              1,518
                     2,048         5    14     9              2,106     11              4,028     14              2,106
                     4,096         4    14    10              5,289     12              7,565     14              5,289
                     8,192         3    14    11             10,878     12             16,169     14             10,878
                    16,384         4    15    11             17,575     13             32,450     15             17,575
                    32,768        10    22    12             46,136     13             65,377     22             46,136
                    65,536        10    23    13             97,524     14            127,463     21             70,224
                   131,072        12    27    15            208,162     15            253,894     27            224,846
                   262,144        20    35    15            378,012     15            522,442     33            325,374
                   524,288        17    29    12            612,360     16          1,045,418     29            612,360
                 1,048,576        23    38    15          1,231,137     17          1,698,179     38          1,458,685
                 2,097,152        20    33    13          3,678,723     17          4,089,995     33          3,678,723
                 4,194,304        30    46    16          6,791,074     17          8,363,628     46          6,791,074
                 8,388,608        14    31    17         15,473,807     18         16,538,702     31         15,473,807
                16,777,216        30    47    17         16,917,768     19         28,003,819     47         16,917,768
                33,554,432        21    38    17         61,011,223     19         65,442,704     38         61,011,223
                67,108,864        39    58    19        108,384,553     20        106,687,084     58        108,384,553
               134,217,728        45    65    20        267,881,988     20        268,324,210     62        137,308,589
               268,435,456        50    67    17        519,756,720     21        452,419,979     67        519,756,720
               536,870,912        44    63    19        999,208,250     21      1,059,871,525     63        999,208,250
             1,073,741,824        53    72    19      1,313,356,624     22      2,122,233,308     72      1,497,820,158
             2,147,483,648        58    75    17      3,460,598,972     22      4,171,267,372     75      3,460,598,972
             4,294,967,296        62    82    20      4,803,155,739     23      7,948,042,815     82      4,803,155,739
             8,589,934,592        60    81    21      9,169,483,988     23     17,137,018,457     81      9,169,483,988
            17,179,869,184        51    73    22     22,377,473,780     24     22,323,360,772     73     22,377,473,780
            34,359,738,368        65    87    22     35,413,918,629     24     68,620,126,663     87     35,413,918,629
            68,719,476,736        69    90    21     94,466,415,968     24    137,397,564,302     90     94,466,415,968
           137,438,953,472        60    82    22    238,092,971,076     25    270,820,903,078     82    238,092,971,076
           274,877,906,944        90   112    22    316,419,292,600     26    308,935,340,153    112    316,419,292,600
           549,755,813,888        99   121    22    669,274,618,110     26    979,028,386,257    121    669,274,618,110
