

For Products, N4 = n(n+1)(n+2)(n+3), in Primorial Intervals, P_r <= N4 < P_(r+1):
---+-----------------+-----------------------+----------------------+----------------------+
 r | n starts @      | Min_Delta =           | Max_Omega =          | Min_Iota =           |
---+-----------------+-----------------------+----------------------+----------------------+
 3 |               2 |    0 @              2 |   3 @              2 |   3 @              2 |
 4 |               3 |    0 @              5 |   4 @              5 |   3 @              3 |
 5 |               6 |    0 @              7 |   5 @             11 |   4 @              7 |
 6 |              12 |    1 @             25 |   6 @             20 |   6 @             25 |
 7 |              26 |    1 @             49 |   6 @             54 |   7 @             49 |
 8 |              55 |    0 @             63 |   7 @            119 |   6 @             63 |
 9 |             121 |    1 @            207 |   8 @            273 |   8 @            168 |
10 |             283 |    1 @            322 |   9 @            665 |   9 @            322 |
11 |             668 |    2 @          1,518 |  10 @          1,517 |  11 @          1,518 |
12 |           1,649 |    5 @          2,106 |  11 @          4,028 |  13 @          1,680 |
13 |           4,175 |    4 @          5,289 |  12 @         10,619 |  14 @          5,289 |
14 |          10,694 |    3 @         10,878 |  13 @         24,308 |  14 @         10,878 |
15 |          28,002 |   10 @         70,224 |  14 @         70,004 |  21 @         70,224 |
16 |          75,555 |   10 @         97,524 |  15 @        208,162 |  23 @         97,524 |
17 |         209,401 |   13 @        224,846 |  16 @        557,842 |  27 @        224,846 |
18 |         585,212 |   17 @        612,360 |  16 @      1,660,540 |  29 @        612,360 |
19 |       1,674,296 |   20 @      3,678,723 |  17 @      4,822,048 |  33 @      3,678,723 |
20 |       4,860,119 |   22 @     12,390,279 |  18 @     12,582,633 |  38 @     12,390,279 |
21 |      14,206,193 |   14 @     15,473,807 |  18 @     40,904,225 |  31 @     15,473,807 |
22 |      42,353,033 |   21 @     61,011,223 |  20 @    106,687,084 |  38 @     61,011,223 |
23 |     127,836,256 |   45 @    267,881,988 |  20 @    267,881,988 |  62 @    137,308,589 |
24 |     392,646,335 |   44 @    999,208,250 |  21 @  1,005,764,562 |  63 @    999,208,250 |
25 |   1,232,237,672 |   53 @  1,313,356,624 |  21 @  1,887,728,752 |  72 @  1,497,820,158 |

End of Program

